# Created by Octave 4.0.0, Thu Dec 20 22:56:25 2018 DST <inuyosi@inuyosi>
# name: y2
# type: matrix
# rows: 2001
# columns: 2
 0.794181897065886 1
 0.7473253483878706 0
 1.272622803419895 0
 -0.3812023893465322 0
 1.249184292310899 0
 1.172119083319353 0
 0.732037459277611 0
 0.1774247484155846 0
 1.405767718983813 0
 0.4328620023258498 0
 1.26621086680834 0
 0.2609004300498756 0
 1.265204189348578 0
 0.7278286295017582 0
 0.2711366394264271 0
 1.600852492318313 0
 0.4182494159088693 0
 0.4122429884596033 0
 0.74375967439764 0
 -0.5517512339739483 0
 0.04697777631168265 0
 -0.2360408409783523 0
 -1.046890429802174 0
 0.657767186289044 0
 0.4009759456658084 0
 -1.547703588344538 0
 -0.8232109215709315 0
 -1.029699591586269 0
 -1.760476307873537 0
 -1.68579193492213 0
 -1.416909881712218 0
 -0.2603837823426194 0
 -1.631266449789322 0
 -1.194436926306625 0
 -1.037618981929624 0
 -0.3693986210231555 0
 -0.5197928293149985 0
 -1.444047235865643 0
 0.1112763115551076 0
 -0.4621541111157591 0
 -0.7165937802356335 0
 -0.9406366922501763 0
 0.08873076967447996 0
 0.6623697389478189 0
 0.6142744793217367 0
 0.221948674827794 0
 0.2508261568335769 0
 0.05781416806298234 0
 0.1087089491375323 0
 0.2393052400371772 0
 1.183439576845082 0
 0.2792243370256499 0
 0.0498344606578115 0
 1.017451290763944 0
 1.273774514973946 0
 1.597153145977009 0
 -0.05213647249084474 0
 0.7709661642760424 0
 0.07489123991454572 0
 0.8453684298725843 0
 0.9447737672355718 0
 0.4710075717291609 0
 0.2410354459232472 0
 0.200189409259223 0
 0.2697232530865911 0
 -0.3313881663818906 0
 -1.305825050716671 0
 0.1850579275794544 0
 -0.3533632320628066 0
 -1.452915073455677 0
 -0.6958457382170948 0
 -0.185635981261699 0
 -0.660197252643931 0
 -1.36298506695797 0
 -1.922956865149505 0
 -0.9517189194329334 0
 0.05311264038874697 0
 -0.9668432634492102 0
 -0.3145578054873717 0
 -0.8215759522986569 0
 -1.413368247059534 0
 -1.225722123740659 0
 0.2811531995845734 0
 0.5093304141738932 0
 0.2663327719893389 0
 -0.4513894149516969 0
 1.106746444811368 0
 0.3353524594790843 0
 0.6588924804338252 0
 1.107916504164941 0
 -0.1340523691110368 0
 -0.1110876640119999 0
 0.2976972268361323 0
 0.2282440276078311 0
 0.6465428752911629 0
 0.6924432944367095 0
 0.6346383661553706 0
 1.829454112498139 0
 1.286228134383798 0
 0.421212514150005 0
 1.115347029159979 0
 0.971651835745633 0
 1.372480778310548 0
 0.6163952818470541 0
 0.4366357603739501 0
 0.4138398390217813 0
 0.5656470786940839 0
 -0.7894511851787854 0
 -1.213788379885208 0
 0.3792559572703581 0
 -0.2367131198143131 0
 -1.645582729676564 0
 0.04385908936836125 0
 -0.7247202049877967 0
 -1.48680330235609 0
 -0.3540198729252279 0
 -0.3263859486349789 0
 -0.08087538828262264 0
 -0.7770427100057711 0
 -1.732354381564822 0
 -1.49552428724683 0
 -1.092955849158317 0
 -1.100439087242866 0
 -0.5881019397698148 0
 -0.8201461600127742 0
 0.7392783682491857 0
 0.5224482674305986 0
 0.06025568956528668 0
 -0.08770516124080319 0
 -0.1005886062639102 0
 0.7268175223594878 0
 1.626261653212487 0
 0.02352925817703611 0
 0.6160766669028316 0
 0.5772182556513739 0
 0.8624144041269789 0
 1.97047353686653 0
 1.905320771083969 0
 0.8612276569863784 0
 1.45802500711723 0
 -0.008783819922293157 0
 0.8364187039804487 0
 -0.1143449787965289 0
 1.105358617952446 0
 -0.4287343083703804 0
 0.7411543889916987 0
 -0.3225923944509571 0
 0.08252309486023024 0
 -0.9478761524617879 0
 -1.119889758610938 0
 -0.7060414846001438 0
 -1.208878889472371 0
 -1.117103462523425 0
 -1.377016903690966 0
 -1.334690916164619 0
 -0.6743432571619182 0
 -1.037243977200643 0
 -1.840953456446339 0
 -0.3533904308086302 0
 -1.452392668762434 0
 -0.09894523842005376 0
 -0.9434057778019631 0
 -0.7042390761189825 0
 -1.122935663824076 0
 0.221109205150936 0
 0.04787069361390772 0
 -0.9203012162762938 0
 0.354406866590853 0
 0.4359056454208114 0
 0.7192118115257147 0
 0.301639131048473 0
 0.008956251319504949 0
 -0.1975950283614709 0
 -0.03908741598014531 0
 0.1300688653004569 0
 1.086465559074378 0
 1.604348132530789 0
 1.478621937752857 0
 1.862838377509021 0
 1.484989128300412 0
 1.286612185506345 0
 0.8930699872369784 0
 1.273707023687295 0
 1.438092608596338 0
 1.173428039472605 0
 1.047594112910336 0
 0.2201265058602021 0
 0.9612455521883848 0
 0.3026216080296476 0
 0.2836595803249882 0
 0.7064030886728152 0
 -1.319481136868025 0
 -0.01160782552687722 0
 -0.3192979994958638 0
 0.01816986942570287 0
 -0.7835261507680866 0
 -1.442607565101196 0
 -1.904193094626338 0
 -1.638588340974652 0
 -0.7810018660803157 0
 -0.95954634179096 0
 -0.4292115694796712 0
 -1.349630774442615 0
 -1.015732998763389 0
 -1.458053701381744 0
 -0.9737733003673011 0
 0.1106691867894707 0
 0.4657394006177381 0
 0.4525089060332066 0
 0.3808602661554973 0
 -0.2882714274278891 0
 0.9614399848014251 0
 0.2151211153797715 0
 0.1294407346822235 0
 0.01187490675456127 0
 1.500831324562248 0
 1.146460861142044 0
 1.864757430950192 0
 1.277273647299655 0
 1.964560478085201 0
 1.541961365650389 0
 0.871721635194147 0
 1.456816358458414 0
 0.409887993623214 0
 0.2292175948894509 0
 0.3359251495757576 0
 0.01627557650511025 0
 -0.5097338736488781 0
 0.3885891658737971 0
 1.033779131752869 0
 -0.5469781080450605 0
 0.0687181362528653 0
 -1.151551459918603 0
 -1.229229987407308 0
 -0.6165216561384717 0
 -0.9791209443043322 0
 -0.7841663605699598 0
 -0.9034111335919842 0
 0.03441620465050244 0
 -0.9236098185970136 0
 -1.77087631349749 0
 -0.5245050956174071 0
 -1.297109111322365 0
 -0.8289704508794502 0
 -1.189861182584139 0
 -0.2282780172519545 0
 0.2978316612050557 0
 0.2191266023945606 0
 -1.025990132617818 0
 -0.1565738295312609 0
 0.7291727941063426 0
 0.03418610135619554 0
 0.364294161408612 0
 -0.2209622520194054 0
 1.047938117206405 0
 1.228806763474594 0
 1.123038822849671 0
 0.3031981885405545 0
 1.305852384340089 0
 0.1214045830259786 0
 0.1312194211208723 0
 0.06856826777013614 0
 0.9311866137801302 0
 0.09020554102388656 0
 0.1548197021284746 0
 1.231784496250229 0
 1.501089577397278 0
 1.441115254317205 0
 0.03544112222048101 0
 0.3397606609112184 0
 0.6172804259907341 0
 -0.6870298053834849 0
 -0.7008189862887167 0
 -0.5931804952944771 0
 -0.8845960541326516 0
 0.5487017451538476 0
 0.4168548656868951 0
 -0.5489728804643657 0
 -0.7615199650504141 0
 -1.529207085274875 0
 -1.340027973238241 0
 -1.737251596676527 0
 -1.256772360204944 0
 -0.07359345330310263 0
 0.0128698016996176 0
 -1.273770343294793 0
 -0.2894708247362461 0
 -0.9139794804004916 0
 0.09499280169837543 0
 -1.113220484218082 0
 -0.8029409377600031 0
 0.5525078883594182 0
 -1.052177947486653 0
 -0.8475660437080037 0
 -0.0254496843268576 0
 0.1146188496088832 0
 0.5639553709394748 0
 -0.1236467408657627 0
 1.573909419256229 0
 0.9867200576980358 0
 1.081241990643599 0
 1.185807805810473 0
 1.113339629149175 0
 1.783529020127689 0
 1.983974146250293 0
 0.5969556262977893 0
 0.09708928315408438 0
 1.349736477472602 0
 1.268751827368725 0
 1.343913129205191 0
 0.3702135138862874 0
 0.4114856691302045 0
 -0.1123061222099012 0
 -0.4635485430755947 0
 0.4220919876435634 0
 0.5763754909867838 0
 -0.7487316611168526 0
 -1.326558639813705 0
 0.3795592592546564 0
 -1.543532250419131 0
 -0.4889249516229666 0
 -1.258541585749541 0
 -0.03427882651995784 0
 -1.297465319006957 0
 -1.351993538820436 0
 -1.740666021099508 0
 -1.532319505417221 0
 -0.02393506533246725 0
 -0.2797446554734262 0
 0.02551773624340181 0
 -0.4207080346445291 0
 0.2203751883188583 0
 -0.3894411851126394 0
 -0.7337100900111009 0
 -0.9905363326416017 0
 0.6401109086121547 0
 0.4310874810224233 0
 0.7039043785500546 0
 0.2615230088381684 0
 -0.01608355841702391 0
 1.663638812354979 0
 0.7056827312655399 0
 1.173137621080694 0
 0.2201635101299094 0
 1.110166256993321 0
 1.407783184153114 0
 1.533792445161159 0
 0.828888594727789 0
 0.3161985519934793 0
 0.3145094195861645 0
 0.7657575681711731 0
 1.624685650702203 0
 -0.008149631605911756 0
 0.8238463199416903 0
 0.6376277609787562 0
 0.4714536151343413 0
