# Created by Octave 4.0.0, Wed Dec 19 22:08:40 2018 DST <inuyosi@inuyosi>
# name: y2
# type: matrix
# rows: 2001
# columns: 2
 0.00292635752148036 1
 0.1410805594616173 0
 0.2773328586147769 0
 0.4386813179618196 0
 0.5545177629352749 0
 0.6851839439593633 0
 0.7982895774378468 0
 0.8851935571114362 0
 0.9233194398966929 0
 0.9558276697470408 0
 1.003743804214547 0
 0.9920411804170547 0
 0.982385665802587 0
 0.940236872290628 0
 0.8613994614043725 0
 0.773034560294711 0
 0.6634489106960385 0
 0.5565311878475471 0
 0.4242732264018715 0
 0.2945427405148568 0
 0.1494604581216529 0
 0.003440315662220552 0
 -0.1587521921746792 0
 -0.2995945720253639 0
 -0.4521905251331442 0
 -0.5679660960148757 0
 -0.6866894995864066 0
 -0.8069313938265379 0
 -0.8888140429083086 0
 -0.9260256461947575 0
 -0.9682920364201975 0
 -1.014543101265221 0
 -1.005849552027057 0
 -0.9758360929614412 0
 -0.9141710324762683 0
 -0.8500200814335725 0
 -0.749545431396376 0
 -0.6791966795568517 0
 -0.5311091624084807 0
 -0.4329497667321348 0
 -0.2554352551515235 0
 -0.1205948825178271 0
 0.02922822792780036 0
 0.1777526872796238 0
 0.3326189891624545 0
 0.4425659142721935 0
 0.5783644524833861 0
 0.6900498843837523 0
 0.8033904703836671 0
 0.8962886019305116 0
 0.9345238267445423 0
 0.9728442126844137 0
 0.9965736829405589 0
 1.006159911425009 0
 0.957663492646361 0
 0.9085616061796626 0
 0.8300788714348674 0
 0.770999596518069 0
 0.6647897594695683 0
 0.5193257820257728 0
 0.3876434304239494 0
 0.2560634925674694 0
 0.1177481698646133 0
 -0.02590355585978559 0
 -0.177547805475936 0
 -0.3122263864819838 0
 -0.4746664685387054 0
 -0.6026099524647813 0
 -0.7203238109046233 0
 -0.8172596167074025 0
 -0.9001050435485408 0
 -0.9235029047903295 0
 -0.9929745536986359 0
 -1.001847048466277 0
 -1.007042699291637 0
 -0.9786317312069682 0
 -0.9191676110871598 0
 -0.861543294515467 0
 -0.7497120845317781 0
 -0.642448118747646 0
 -0.5318803785620284 0
 -0.4068646724144775 0
 -0.260226461793638 0
 -0.08614926277062131 0
 0.04806460772846195 0
 0.1882202541389749 0
 0.3291604070159342 0
 0.4584000403807509 0
 0.5990774979650578 0
 0.7028425206125989 0
 0.792582811278119 0
 0.8919114147581579 0
 0.9390742563397872 0
 0.9814098598293813 0
 0.9915957322964949 0
 1.004010631749621 0
 0.9615547919889716 0
 0.9289516794352486 0
 0.8232164427992219 0
 0.7355637982470601 0
 0.6230785870207629 0
 0.499368697404948 0
 0.3640499069994374 0
 0.226406840495695 0
 0.09408353037075361 0
 -0.04216442460869967 0
 -0.1980954070853999 0
 -0.3610575633780304 0
 -0.4865391952419722 0
 -0.6076617178013584 0
 -0.7205953003384226 0
 -0.8012808180060512 0
 -0.892526301588572 0
 -0.9373403229036544 0
 -0.9668685546390425 0
 -0.9807182308230216 0
 -0.9931160335924627 0
 -0.9410955281580412 0
 -0.9210436640062918 0
 -0.820658696551306 0
 -0.7554833825376667 0
 -0.6379690287714728 0
 -0.5263836398372576 0
 -0.359876357573619 0
 -0.2214993339261534 0
 -0.07108522789362191 0
 0.08632224254976341 0
 0.2200329301310725 0
 0.3720663814279604 0
 0.5023365502093359 0
 0.5998096302766567 0
 0.7173843483913365 0
 0.8060906949238663 0
 0.9150318059952944 0
 0.9558987746248762 0
 0.9980489689167126 0
 0.9802872743154263 0
 0.9960383810846256 0
 0.9492793767823325 0
 0.8973137977891361 0
 0.8177200907646922 0
 0.7212934875586641 0
 0.6392760552401643 0
 0.4841300988263347 0
 0.3723279916613395 0
 0.2240297494190855 0
 0.06507208807137146 0
 -0.07063766078899697 0
 -0.211951119226816 0
 -0.3889689335661672 0
 -0.4909288898430118 0
 -0.6307412550392963 0
 -0.7411257153205463 0
 -0.8299777765513128 0
 -0.8893457280254641 0
 -0.965510402340923 0
 -0.9902149435847006 0
 -0.9883493941022642 0
 -1.00509935771173 0
 -0.9662331036235076 0
 -0.9100250416488722 0
 -0.8217188832574608 0
 -0.7332519043341071 0
 -0.6222515297284642 0
 -0.4867088626786915 0
 -0.3329186784249438 0
 -0.1920429517274784 0
 -0.04732913859413101 0
 0.1046399307238736 0
 0.2500261964511047 0
 0.3967449384084714 0
 0.5325449068777561 0
 0.6404794119442841 0
 0.731247476932351 0
 0.8535202931313769 0
 0.9157136123155726 0
 0.9448951998411662 0
 0.9776939728426612 0
 1.000178885175361 0
 0.9739820841295446 0
 0.9562969519655973 0
 0.8898553011956741 0
 0.8137268554483561 0
 0.7044238098530734 0
 0.6179648923670537 0
 0.4858304645511123 0
 0.3443769557997714 0
 0.1959590360742534 0
 0.03996957071765713 0
 -0.0913236743184077 0
 -0.2451476314498754 0
 -0.3736948454878871 0
 -0.5400849295090582 0
 -0.6598801767326818 0
 -0.7689407064654232 0
 -0.8247858745128791 0
 -0.9324030652150082 0
 -0.9531076036520463 0
 -1.009215153571761 0
 -1.000495798774564 0
 -0.9804148282946175 0
 -0.9303791490275692 0
 -0.8844132495889 0
 -0.7961561556147341 0
 -0.7254648208336391 0
 -0.5745904585789063 0
 -0.4828906328591041 0
 -0.3152281266830143 0
 -0.1822727044679606 0
 -0.04628188571356202 0
 0.09440156095373647 0
 0.2415991592755922 0
 0.4043943306390461 0
 0.5296474087540857 0
 0.6438809476118779 0
 0.7461240248647559 0
 0.8467201956857533 0
 0.9354803181540513 0
 0.9822967605960258 0
 0.9889460919215557 0
 1.001785163332659 0
 0.981603069467845 0
 0.943060278834672 0
 0.862603476843916 0
 0.8183387699694898 0
 0.6808878165495483 0
 0.5734999211481255 0
 0.4719358532670764 0
 0.3163994255790723 0
 0.1925735230260444 0
 0.02839461911644148 0
 -0.1402202286800591 0
 -0.2855370868770948 0
 -0.4185246309047238 0
 -0.5532039395057835 0
 -0.6629346334889979 0
 -0.7644836677849939 0
 -0.869416116983494 0
 -0.9057855564847309 0
 -0.988473590914545 0
 -0.9787215619149523 0
 -0.9783590289551053 0
 -0.9708950849325972 0
 -0.918530915600737 0
 -0.8618251515497741 0
 -0.7766969348570548 0
 -0.70477509723313 0
 -0.5644410195562306 0
 -0.4412582241626548 0
 -0.3112136098723872 0
 -0.1462923207985049 0
 -0.0328030952141949 0
 0.137181740274659 0
 0.2848721884471309 0
 0.4218413787946075 0
 0.5390931042449039 0
 0.652641411732175 0
 0.7905115340069824 0
 0.8730267071134346 0
 0.9327756267972772 0
 0.9628787467288421 0
 1.002141037842379 0
 1.00963277385486 0
 0.992117544323292 0
 0.9448572455963459 0
 0.8866925605028398 0
 0.7965259343192596 0
 0.6977824667095025 0
 0.5695678066081764 0
 0.4354229764805908 0
 0.2841168498242123 0
 0.1712908317005906 0
 -0.01324330912580265 0
 -0.1626620753448847 0
 -0.306793225534774 0
 -0.4438547627851813 0
 -0.566779035011672 0
 -0.699640841617699 0
 -0.792132770512312 0
 -0.881402531369762 0
 -0.942578903252671 0
 -0.9588333086219216 0
 -1.003357448152352 0
 -1.001629208324028 0
 -0.9929002172205774 0
 -0.9416410240718682 0
 -0.8770347383169789 0
 -0.7751890796735781 0
 -0.6658416671771225 0
 -0.5704836484231031 0
 -0.4255454280953056 0
 -0.2897178153134746 0
 -0.1397089333371476 0
 0.007614357184339882 0
 0.1486574567135321 0
 0.3048686972834219 0
 0.4541571857846692 0
 0.5668040347120964 0
 0.6781318753903881 0
 0.7722459216505729 0
 0.8897293790802396 0
 0.9546840117049371 0
 0.9740106906357071 0
 0.9963534761604048 0
 0.9961246948446684 0
 0.9775459803188615 0
 0.9302690290237955 0
 0.8644731382231449 0
 0.7738517332786472 0
 0.6749346197712396 0
 0.5281304422497823 0
 0.4360146352890543 0
 0.2881711774257 0
 0.1474193417473766 0
 -0.004670015471969765 0
 -0.1834698130923482 0
 -0.334565430546763 0
 -0.4624106912974901 0
 -0.5913286941623263 0
 -0.6871370740295091 0
 -0.7801988844847778 0
 -0.8625752739590314 0
 -0.9309566961516242 0
 -0.9933549286491145 0
 -1.004129068052982 0
 -0.9930910999271249 0
 -0.9535622569383212 0
 -0.9206249497986471 0
 -0.8664930404020876 0
 -0.7718279899343536 0
 -0.6592759996693227 0
 -0.545895370642879 0
 -0.3904416370545907 0
 -0.26923750168259 0
 -0.1201410813551391 0
 0.03366981423134616 0
 0.183842698085655 0
 0.3364466721805611 0
 0.4721796707824509 0
 0.5720770832548907 0
 0.7073795374277078 0
 0.7912027109533333 0
 0.8843482208774629 0
 0.9382264423144526 0
 0.9916778955751964 0
 0.9813355424612301 0
 0.9925468318203734 0
 0.9700043578657347 0
 0.927358656959842 0
 0.8367556026095258 0
 0.7494515210625633 0
 0.650001260673773 0
