# Created by Octave 3.6.4, Mon Nov 20 11:16:56 2017 ìåãû (ïWèÄéû) <unknown@L242-FMVdtp>
# name: y2
# type: matrix
# rows: 2001
# columns: 2
 -6.772462334324629e-005 1
 0.03979402381859112 0
 0.08001801615428721 0
 0.1196709507528363 0
 0.1592879397596881 0
 0.1986986924554886 0
 0.2376269331815915 0
 0.2763991991433281 0
 0.3146650348186316 0
 0.3521457352713417 0
 0.3894946302716624 0
 0.425794277532707 0
 0.461842829273639 0
 0.4969450444421797 0
 0.5309915640642959 0
 0.5646999571369594 0
 0.5971617364443743 0
 0.6289065916908557 0
 0.659341324520146 0
 0.6888079447721122 0
 0.7174768464402416 0
 0.7445889855876472 0
 0.7706715555466768 0
 0.7956971472149303 0
 0.8192191361477527 0
 0.841378676412453 0
 0.8623292639774591 0
 0.8819938475782313 0
 0.9002344098734137 0
 0.9166553144102775 0
 0.9320868370374543 0
 0.9458951663656074 0
 0.9581646779224882 0
 0.9685377286610797 0
 0.9777845331554951 0
 0.9852875833347693 0
 0.9915217906209679 0
 0.9959606083260432 0
 0.998832479236307 0
 0.9999113544882717 0
 0.9996387358875912 0
 0.9976053504744376 0
 0.9939183301817562 0
 0.9887117509818569 0
 0.9819056515996151 0
 0.9736998710766687 0
 0.9640387045147499 0
 0.9524724624743316 0
 0.9396328102603643 0
 0.9251624325430397 0
 0.9092304415543721 0
 0.8918726305175682 0
 0.8729065552484393 0
 0.8528377565463751 0
 0.8311092867082643 0
 0.8083734146239657 0
 0.7842168391486841 0
 0.7587854094457087 0
 0.7321480056231897 0
 0.7041101939587255 0
 0.6751756929415701 0
 0.6454364892604636 0
 0.6142269113267997 0
 0.582212142200777 0
 0.5490926082484393 0
 0.5154828439441103 0
 0.4805272251740365 0
 0.4449871373431865 0
 0.4090069849019364 0
 0.3720838876986924 0
 0.3349564023705176 0
 0.2966858116998219 0
 0.258278973363516 0
 0.2195384870781631 0
 0.1804414238580144 0
 0.1407723668252104 0
 0.1010493861602456 0
 0.06128045866525569 0
 0.02122858291309376 0
 -0.01872538067662086 0
 -0.05870680737611261 0
 -0.09854426811334999 0
 -0.1382052601712609 0
 -0.1775340328742517 0
 -0.2168603735544063 0
 -0.2559017477290975 0
 -0.2943537222542514 0
 -0.3319991572888845 0
 -0.3697207266695979 0
 -0.4063842061463768 0
 -0.4426141371642199 0
 -0.4782783395493389 0
 -0.5127741242847008 0
 -0.5469078990426725 0
 -0.5800597688434273 0
 -0.611965817862815 0
 -0.6431727584991066 0
 -0.673136167593293 0
 -0.7020965249084733 0
 -0.7302360566810995 0
 -0.756920553446598 0
 -0.7825131166852439 0
 -0.8065688396226663 0
 -0.8298011966962434 0
 -0.8512095727738446 0
 -0.8715517295873413 0
 -0.890698767101574 0
 -0.9081290548091537 0
 -0.9241110066036086 0
 -0.9385669757448615 0
 -0.9517808504767423 0
 -0.9631386704901827 0
 -0.9730168988246262 0
 -0.9814071719461127 0
 -0.9885565592681079 0
 -0.9935712226704115 0
 -0.997523970033989 0
 -0.999389608808705 0
 -0.9997410194921166 0
 -0.9987602551529329 0
 -0.9962049805771781 0
 -0.9918485348152565 0
 -0.9857492737198269 0
 -0.9782297886623529 0
 -0.969196688373656 0
 -0.9585880674255015 0
 -0.9464533271857204 0
 -0.9331939018852818 0
 -0.9178990911836411 0
 -0.9011735779022274 0
 -0.8831093231026517 0
 -0.8637635116752254 0
 -0.8431007842448415 0
 -0.8206133450672316 0
 -0.7973772271840456 0
 -0.772669386679641 0
 -0.7466200436902717 0
 -0.7192447301512968 0
 -0.6909998019853167 0
 -0.6616093737051745 0
 -0.6307494462074529 0
 -0.599372026955772 0
 -0.5670836983103255 0
 -0.5334680253563277 0
 -0.4993614252073638 0
 -0.4641139387898635 0
 -0.4284338915419927 0
 -0.3921338138088237 0
 -0.3547378556430724 0
 -0.3169993975164723 0
 -0.2788644047824337 0
 -0.2404467089506182 0
 -0.2012585586866384 0
 -0.162015404678493 0
 -0.1223467700038376 0
 -0.08285983411102463 0
 -0.04270349158599242 0
 -0.002768578222389457 0
 0.03716501078553889 0
 0.07700349081277723 0
 0.1169569711784761 0
 0.1564907243405233 0
 0.1959298463629952 0
 0.2351490826436814 0
 0.2737444259208478 0
 0.3119298670268845 0
 0.3495722821086219 0
 0.3867285092775677 0
 0.4235409833887975 0
 0.4593041474452232 0
 0.4942746073772468 0
 0.5289174481408876 0
 0.5622106444727252 0
 0.5950819960303033 0
 0.6266291098856008 0
 0.6574191673800551 0
 0.6869863723511505 0
 0.7155721484042661 0
 0.7427675024074715 0
 0.7689103681463414 0
 0.793787637160695 0
 0.8176709984151604 0
 0.8399756055130888 0
 0.8609200427751029 0
 0.88050221856586 0
 0.898812847798691 0
 0.9156752709466303 0
 0.9310044708332784 0
 0.9447914197885642 0
 0.9572166424205524 0
 0.9681713161046074 0
 0.9771171327226585 0
 0.9848803062800631 0
 0.991062403921588 0
 0.9955092734859546 0
 0.9986970459758299 0
 0.999757906545195 0
 0.9994427601809814 0
 0.9975463698423216 0
 0.9942985425016381 0
 0.9891321960669348 0
 0.9827551194526553 0
 0.9742702947220457 0
 0.964744279431985 0
 0.9531317727890564 0
 0.9405056827649717 0
 0.9260428931958332 0
 0.91040393727115 0
 0.8928582873798161 0
 0.8743358685981366 0
 0.854424284662423 0
 0.8328624251412868 0
 0.809906098634529 0
 0.7860034980712684 0
 0.7604475210656121 0
 0.7341394716864986 0
 0.7060460799485545 0
 0.6771388120769355 0
 0.647309552982592 0
 0.6162655262873447 0
 0.5844874766409124 0
 0.5516366549666925 0
 0.517544452866999 0
 0.4829953932103593 0
 0.4478472210556059 0
 0.4114151086366932 0
 0.3749636725721612 0
 0.3373915580329042 0
 0.2995129784881838 0
 0.2612294306480442 0
 0.2224174982068424 0
 0.1830007073983035 0
 0.143479318762989 0
 0.104071302384781 0
 0.06412028641016593 0
 0.02428766110085649 0
 -0.01585643580252386 0
 -0.05562504398332137 0
 -0.09566122288368509 0
 -0.1352860318038777 0
 -0.1749886407130234 0
 -0.214284254791244 0
 -0.2531056170096978 0
 -0.2914555917304606 0
 -0.3296439123773191 0
 -0.3671885166750607 0
 -0.4037907541576663 0
 -0.4400706402713935 0
 -0.4758917539129993 0
 -0.51068546877049 0
 -0.5446489081205947 0
 -0.5775333001820092 0
 -0.6097742767317214 0
 -0.6412185206511958 0
 -0.671364158944217 0
 -0.7004307347373859 0
 -0.7281806920579812 0
 -0.7550743219225727 0
 -0.7806942746408407 0
 -0.8052240767832681 0
 -0.8281217520509865 0
 -0.8499866674932612 0
 -0.8702768552510398 0
 -0.8894174646787685 0
 -0.9069220614050795 0
 -0.922989812538231 0
 -0.9377694415713446 0
 -0.9508505413471784 0
 -0.9622302266018603 0
 -0.9726399107877316 0
 -0.9808988707546843 0
 -0.9878183936105107 0
 -0.9931494658361274 0
 -0.9970521120937446 0
 -0.99948893068682 0
 -1.000042304893436 0
 -0.9990895243565721 0
 -0.996287563487638 0
 -0.9922367409849121 0
 -0.9865236321080048 0
 -0.9788191799833834 0
 -0.9701868192081505 0
 -0.9594547636363884 0
 -0.9475832545785528 0
 -0.9339174722183122 0
 -0.9190593583228521 0
 -0.9026297221278493 0
 -0.8846830941353655 0
 -0.8650197765721237 0
 -0.8445500908214371 0
 -0.8224303753312955 0
 -0.7987951216096296 0
 -0.7743387271823902 0
 -0.7482514750042038 0
 -0.7211433935600892 0
 -0.693056442403467 0
 -0.6634174897644364 0
 -0.6331783668684281 0
 -0.601444350534298 0
 -0.5691735662129256 0
 -0.5358188601252772 0
 -0.501810907308224 0
 -0.4664863894992964 0
 -0.4308098343582983 0
 -0.3945396584579005 0
 -0.3572459264782312 0
 -0.3198530505908947 0
 -0.2816653463261441 0
 -0.2430358275547122 0
 -0.2041879233358015 0
 -0.1647801181050349 0
 -0.1252929392027097 0
 -0.08526503857112242 0
 -0.04559517914828625 0
 -0.005625484285230044 0
 0.03434251597919424 0
 0.07448753399662646 0
 0.1142195133537927 0
 0.1537928039653314 0
 0.1932255480487154 0
 0.2324102659668039 0
 0.2711111534249971 0
 0.3092342216562548 0
 0.3471241684633842 0
 0.3842062382807364 0
 0.4209601648274911 0
 0.4569840422866421 0
 0.4922248736701876 0
 0.5265866671822501 0
 0.5599783975153222 0
 0.5927055027859769 0
 0.6243311324038224 0
 0.6552232109777568 0
 0.6850914238424957 0
 0.7136687878042638 0
