# Created by Octave 3.6.4, Tue Nov 14 12:03:52 2017 ìåãû (ïWèÄéû) <unknown@L242-FMVdtp>
# name: y2
# type: matrix
# rows: 2001
# columns: 2
 0 1
 0.007999900000000001 0
 0.01599900001 0
 0.023996500119999 0
 0.03199160057998599 0
 0.03998350187991498 0
 0.04797140482965597 0
 0.055954510638914 0
 0.06393202099710815 0
 0.07190313815320258 0
 0.07986706499548169 0
 0.08782300513126125 0
 0.09577016296652768 0
 0.1037077437854975 0
 0.1116349538300887 0
 0.119551000379297 0
 0.1274550918284673 0
 0.1353464377684547 0
 0.1432242490646654 0
 0.1510877379359695 0
 0.1589361180334801 0
 0.1667686045191874 0
 0.1745844141444428 0
 0.1823827653282837 0
 0.1901628782355918 0
 0.1979239748550764 0
 0.2056652790770754 0
 0.2133860167711667 0
 0.2210854158635809 0
 0.2287627064144087 0
 0.2364171206945951 0
 0.244047893262712 0
 0.2516542610415026 0
 0.2592354633941891 0
 0.2667907422005361 0
 0.274319341932663 0
 0.2818205097305966 0
 0.2892934954775572 0
 0.2967375518749699 0
 0.3041519345171952 0
 0.3115359019659688 0
 0.3188887158245458 0
 0.3262096408115403 0
 0.3334979448344537 0
 0.3407528990628836 0
 0.3479737780014072 0
 0.3551598595621308 0
 0.3623104251368981 0
 0.3694247596691517 0
 0.3765021517254385 0
 0.3835418935665527 0
 0.3905432812183103 0
 0.3975056145419462 0
 0.4044281973041278 0
 0.411310337246579 0
 0.4181513461553056 0
 0.4249505399294167 0
 0.4317072386495349 0
 0.4384207666457882 0
 0.4450904525653769 0
 0.4517156294397091 0
 0.4582956347510973 0
 0.4648298104990105 0
 0.4713175032658737 0
 0.4777580642824104 0
 0.4841508494925188 0
 0.490495219617678 0
 0.4967905402208755 0
 0.5030361817700508 0
 0.5092315197010493 0
 0.5153759344800777 0
 0.5214688116656581 0
 0.5275095419700719 0
 0.5334975213202888 0
 0.5394321509183737 0
 0.5453128373013667 0
 0.5511389924006296 0
 0.5569100336006525 0
 0.5626253837973154 0
 0.5682844714555986 0
 0.5738867306667361 0
 0.5794316012048071 0
 0.5849185285827576 0
 0.5903469641078498 0
 0.5957163649365311 0
 0.6010261941287187 0
 0.6062759207014934 0
 0.611465019682198 0
 0.6165929721609345 0
 0.6216592653424549 0
 0.626663392597441 0
 0.6316048535131673 0
 0.6364831539435423 0
 0.6412978060585228 0
 0.6460483283928975 0
 0.650734245894433 0
 0.6553550899713789 0
 0.6599103985393278 0
 0.6643997160674227 0
 0.6688225936239107 0
 0.6731785889210364 0
 0.67746726635927 0
 0.6816881970708677 0
 0.6858409589627583 0
 0.6899251367587527 0
 0.6939403220410711 0
 0.6978861132911856 0
 0.701762115929971 0
 0.7055679423571635 0
 0.7093032119901204 0
 0.7129675513018783 0
 0.716560593858506 0
 0.7200819803557479 0
 0.7235313586549541 0
 0.7269083838182948 0
 0.7302127181432536 0
 0.7334440311963981 0
 0.7366019998464231 0
 0.7396863082964633 0
 0.742696648115674 0
 0.7456327182700733 0
 0.7484942251526454 0
 0.7512808826127022 0
 0.7539924119844979 0
 0.7566285421150951 0
 0.7591890093914808 0
 0.7616735577669274 0
 0.7640819387865971 0
 0.7664139116123883 0
 0.7686692430470181 0
 0.7708477075573432 0
 0.7729490872969127 0
 0.7749731721277524 0
 0.7769197596413793 0
 0.7787886551790419 0
 0.7805796718511868 0
 0.7822926305561466 0
 0.7839273599980507 0
 0.7854836967039551 0
 0.7869614850401892 0
 0.7883605772279192 0
 0.7896808333579264 0
 0.7909221214045978 0
 0.7920843172391288 0
 0.7931673046419359 0
 0.7941709753142787 0
 0.7950952288890902 0
 0.7959399729410128 0
 0.7967051229956412 0
 0.79739060253797 0
 0.797996343020045 0
 0.7985222838678179 0
 0.7989683724872041 0
 0.7993345642693417 0
 0.7996208225950523 0
 0.7998271188385033 0
 0.7999534323700706 0
 0.7999997505584007 0
 0.799966068771675 0
 0.7998523903780721 0
 0.7996587267454314 0
 0.7993850972401162 0
 0.7990315292250769 0
 0.7985980580571153 0
 0.798084727083348 0
 0.7974915876368725 0
 0.7968186990316333 0
 0.796066128556491 0
 0.795233951468493 0
 0.794322250985348 0
 0.7933311182771046 0
 0.7922606524570335 0
 0.7911109605717166 0
 0.7898821575903425 0
 0.7885743663932094 0
 0.7871877177594371 0
 0.7857223503538888 0
 0.7841784107133052 0
 0.7825560532316502 0
 0.7808554401446721 0
 0.7790767415136795 0
 0.7772201352085355 0
 0.7752858068898707 0
 0.773273949990517 0
 0.7711847656961643 0
 0.7690184629252421 0
 0.7667752583080274 0
 0.7644553761649819 0
 0.7620590484843199 0
 0.7595865148988095 0
 0.7570380226618092 0
 0.7544138266225429 0
 0.7517141892006143 0
 0.7489393803597657 0
 0.7460896775808812 0
 0.7431653658342385 0
 0.7401667375510124 0
 0.737094092594031 0
 0.7339477382277904 0
 0.730727989087727 0
 0.7274351671487549 0
 0.7240696016930679 0
 0.7206316292772117 0
 0.7171215936984279 0
 0.7135398459602742 0
 0.7098867442375245 0
 0.7061626538403512 0
 0.7023679471777937 0
 0.6985030037205184 0
 0.6945682099628712 0
 0.6905639593842277 0
 0.6864906524096457 0
 0.6823486963698227 0
 0.6781385054603626 0
 0.6738605007003564 0
 0.6695151098902803 0
 0.6651027675692152 0
 0.6606239149713931 0
 0.6560789999820738 0
 0.6514684770927564 0
 0.6467928073557296 0
 0.6420524583379674 0
 0.6372479040743715 0
 0.6323796250203682 0
 0.6274481080038628 0
 0.622453846176557 0
 0.6173973389646335 0
 0.6122790920188135 0
 0.6070996171637917 0
 0.6018594323470534 0
 0.5965590615870804 0
 0.5911990349209486 0
 0.5857798883513248 0
 0.5803021637928658 0
 0.5747664090180276 0
 0.5691731776022875 0
 0.5635230288687871 0
 0.5578165278323999 0
 0.5520542451432293 0
 0.5462367570295443 0
 0.5403646452401565 0
 0.5344384969862446 0
 0.528458904882634 0
 0.5224264668885352 0
 0.5163417862477475 0
 0.5102054714283351 0
 0.5040181360617797 0
 0.4977803988816181 0
 0.4914928836615683 0
 0.4851562191531523 0
 0.478771039022821 0
 0.4723379817885874 0
 0.465857690756175 0
 0.459330813954687 0
 0.4527580040718036 0
 0.446139918388513 0
 0.4394772187133835 0
 0.4327705713163828 0
 0.4260206468622504 0
 0.4192281203434318 0
 0.412393671012579 0
 0.4055179823146249 0
 0.3986017418184393 0
 0.3916456411480719 0
 0.3846503759135896 0
 0.3776166456415161 0
 0.3705451537048784 0
 0.3634366072528702 0
 0.3562917171401367 0
 0.3491111978556893 0
 0.3418957674514563 0
 0.3346461474704782 0
 0.3273630628747529 0
 0.3200472419727403 0
 0.3126994163465303 0
 0.3053203207786858 0
 0.2979106931787634 0
 0.2904712745095232 0
 0.2830028087128319 0
 0.2755060426352693 0
 0.2679817259534433 0
 0.2604306110990219 0
 0.2528534531834906 0
 0.245251009922641 0
 0.2376240415607992 0
 0.2299733107948013 0
 0.2222995826977239 0
 0.2146036246423767 0
 0.2068862062245653 0
 0.1991480991861314 0
 0.191390077337779 0
 0.1836129164816928 0
 0.1758173943339584 0
 0.1680042904467906 0
 0.1601743861305782 0
 0.1523284643757527 0
 0.1444673097744896 0
 0.1365917084422491 0
 0.1287024479391643 0
 0.1208003171912856 0
 0.1128861064116879 0
 0.1049606070214489 0
 0.09702461157050782 0
 0.08907891365840967 0
 0.08112430785494568 0
 0.07316158962069619 0
 0.06519155522748463 0
 0.05721500167875032 0
 0.04923272662984814 0
 0.04124552830828297 0
 0.03325420543388698 0
 0.02525955713894759 0
 0.01726238288829431 0
 0.009263482399352208 0
 0.001263655562170167 0
 -0.00673629764056809 0
 -0.01473557721354229 0
 -0.02273338322879514 0
 -0.03072891590572511 0
 -0.0387213756910645 0
 -0.04670996333883479 0
 -0.05469387999027119 0
 -0.06267232725370855 0
 -0.07064450728442055 0
 -0.07860962286440412 0
 -0.08656687748210125 0
 -0.09451547541205016 0
 -0.1024546217944579 0
 -0.1103835227146861 0
 -0.1183013852826429 0
 -0.1262074177120714 0
 -0.1341008293997287 0
 -0.1419808310044461 0
 -0.149846634526063 0
 -0.1576974533842272 0
 -0.1655325024970531 0
 -0.1733509983596293 0
 -0.1811521591223695 0
 -0.1889352046691975 0
 -0.1966993566955586 0
 -0.2044438387862501 0
